#C:\Users\shawa\anaconda3\Lib\site-packages\ipykernel_launcher.py -f C:\Users\shawa\AppData\Roaming\jupyter\runtime\kernel-a576ff6d-63cc-4822-802d-d1f30a5ab7db.json
# GMT Wed Mar 27 15:34:07 2024
# 
0 1 2 3 4 5 6 7 8 9 10 11 12 13 14 15 20 24 25 26 27 28 29 30 34 35 39 40 41 42 44 45 46 49 50 52 54 56 58 59 60 62 66 67 68 70 78 79 80 81 83 84 85 88 89 90 91 93 94 95 96 99
1 2 3 4 5 6 7 8 9 10 11 12 13 14 16 17 18 19 25 26 30 31 33 34 40 41 44 45 47 50 51 53 55 56 60 61 62 65 66 69 72 73 74 76 78 79 80 81 82 83 84 85 87 90 91 92 93 96 98 99
2 3 4 5 6 7 8 9 10 11 12 13 14 17 18 19 23 25 31 32 34 36 37 40 43 44 45 46 48 53 54 55 56 57 59 62 64 65 69 70 71 76 78 79 80 83 84 86 87 88 90 92 94 95 96 97
3 4 5 6 7 8 9 10 11 12 13 14 15 16 17 18 19 20 21 22 24 25 26 27 28 29 31 32 36 38 39 40 41 42 44 45 47 49 52 54 55 58 59 60 63 64 68 71 72 73 74 76 82 83 85 86 87 90 92 95 96 99
4 5 6 7 8 9 10 11 12 13 14 20 22 23 25 30 33 34 35 36 45 46 47 49 52 54 56 60 62 64 65 66 67 69 72 73 74 76 77 80 83 91 92 93 96 97
5 6 7 8 9 10 11 12 13 14 16 18 19 21 23 25 26 27 28 31 34 35 36 45 46 47 48 49 50 52 57 58 59 61 64 65 66 67 68 73 75 76 78 80 82 84 85 87 88 89 90 92 93 95 97 98 99
6 7 8 9 10 11 12 13 14 20 21 22 25 26 28 30 33 40 41 42 43 44 45 49 50 51 52 53 54 55 56 57 59 61 63 64 70 71 72 73 74 76 77 78 80 81 83 85 86 93 94 99
7 8 9 10 11 12 13 14 15 16 17 18 19 20 21 23 25 30 33 34 35 36 40 43 44 45 47 48 51 52 54 55 56 58 60 61 62 65 67 73 76 78 79 80 81 82 83 84 85 88 89 91 92 93 94 96 97 98 99
8 9 10 11 12 13 14 15 16 17 18 20 23 24 27 28 33 34 36 38 39 41 42 43 45 48 49 54 55 60 62 66 67 68 71 72 76 77 78 79 80 83 84 87 88 89 91 93 94 98 99
9 10 11 12 13 14 15 16 17 18 22 24 25 27 29 30 31 33 34 36 37 38 39 40 41 44 45 49 55 59 61 62 63 64 65 70 71 73 75 77 83 85 88 89 90 91 93 95 97
10 11 12 13 14 20 21 22 23 24 25 29 30 31 34 36 37 44 48 49 50 52 54 55 56 58 60 63 64 66 67 68 69 70 71 76 77 79 81 82 83 86 87 89 90 92 98 99
11 12 13 14 17 18 19 20 21 24 25 27 33 37 39 41 46 50 51 52 54 57 58 60 61 62 69 70 71 73 75 76 77 80 81 83 84 85 86 88 92 94
12 13 14 15 16 18 20 22 24 27 29 30 31 33 35 38 40 42 43 50 53 56 61 62 63 64 66 67 69 73 79 83 84 86 88 91 93 95 99
13 14 15 16 17 21 23 26 28 35 36 39 41 42 43 44 46 47 50 54 55 56 57 58 59 60 61 65 66 70 72 73 74 76 79 80 81 82 85 86 89 91 92 93 94 95 98 99
14 15 16 20 21 24 25 26 27 28 30 31 32 33 35 38 39 40 41 43 46 47 48 49 50 51 52 53 54 55 60 61 62 63 67 69 71 73 75 76 80 82 85 87 88 89 92 93 94 96
15 16 17 18 22 24 25 28 29 30 31 32 34 36 41 42 44 45 46 48 51 53 54 55 57 60 62 64 65 67 69 70 74 75 76 79 80 82 84 85 86 87 88 89 90 92 93 96 99
20 17 19 21 24 25 28 33 36 38 45 47 50 51 53 54 55 62 64 65 66 68 70 72 73 74 75 76 77 79 85 86 90 91 93 95 99
24 16 18 21 25 26 28 30 31 32 33 38 39 42 45 46 48 50 55 57 59 60 63 64 65 66 67 68 69 74 75 76 79 80 81 82 87 90 92 95 96 97 99
25 17 18 19 22 26 28 29 30 31 33 34 37 41 43 44 46 47 49 50 51 53 55 56 57 59 62 66 69 70 71 73 74 77 78 80 81 84 85 86 89 91 95 96 99
26 17 19 22 23 28 29 31 32 33 35 38 40 43 44 46 47 48 52 56 57 62 63 64 66 67 69 70 71 78 79 80 82 83 84 87 98 99
27 16 22 23 30 32 34 35 39 42 43 46 50 53 54 59 61 65 66 70 73 74 76 77 78 85 87 88 89 93 95 99
28 18 19 22 23 31 32 35 36 37 38 40 41 42 43 44 46 47 48 55 57 58 59 60 61 63 65 67 72 74 77 81 89 91 96 97 98 99
29 19 23 31 32 36 37 42 43 44 46 47 48 50 51 52 54 57 58 60 64 65 68 69 70 71 77 78 79 80 81 84 85 86 90 91 92 97 98
30 16 19 21 22 23 31 35 37 38 47 52 53 54 56 60 62 63 66 67 71 73 74 75 80 85 86 87
34 16 17 18 22 31 32 33 36 42 43 45 46 48 49 50 51 53 57 58 59 60 61 62 63 64 65 67 69 70 72 74 75 76 77 78 79 81 86 88 89 92 93 94 95 97 98
35 17 18 36 38 40 41 43 44 46 49 50 54 56 58 59 62 63 65 66 68 69 70 71 73 74 79 80 83 85 87 91 94 95 97 98
39 16 18 19 22 32 33 36 37 40 41 42 45 48 49 50 51 53 54 56 58 59 61 64 66 70 74 75 76 77 81 84 85 86 89 92 95 97
40 31 32 37 41 48 50 51 56 59 60 61 65 68 69 70 74 75 76 77 78 79 82 83 86 89 90 91 92 93 94 95 96 98 99
41 31 32 36 42 43 46 48 49 50 52 58 59 65 66 68 70 73 77 78 79 80 81 82 83 84 86 87 88 93 94 95 96 98 99
42 16 31 36 37 43 46 49 52 53 57 58 60 62 66 67 69 72 74 75 76 78 81 82 85 87 90 91 92 94 95 97 98
44 18 21 23 31 33 36 43 46 47 49 51 52 53 54 55 56 59 64 66 67 69 70 71 75 76 77 80 81 82 83 86 87 89 91 92 96 97
45 17 21 22 31 33 36 38 43 48 49 53 58 59 61 62 66 67 69 70 71 72 77 78 79 80 82 83 84 85 86 88 89 90 91 92 95 96 97
46 19 21 22 23 32 36 47 48 49 50 52 55 58 59 64 67 68 69 70 76 79 80 82 84 86 88 89 91 92 93 94 99
49 31 32 36 47 48 53 55 60 61 63 64 65 66 67 72 75 77 80 82 83 84 85 86 87 92 94 98 99
50 16 17 18 23 31 32 33 43 47 48 52 54 55 57 59 60 62 64 65 70 71 73 74 75 80 83 84 85 87 92 93 94 95 96 99
52 16 17 19 21 33 36 37 38 51 55 57 58 59 60 61 63 65 71 74 77 78 83 84 86 87 88 89 91 92 94 95 97 99
54 18 19 21 22 31 33 36 38 47 51 53 57 58 60 64 66 67 68 70 71 73 74 77 80 85 87 92 93 97 99
56 18 33 36 37 43 47 51 53 55 60 61 63 65 67 68 70 80 81 84 85 87 89 90 97 98 99
58 16 32 36 37 38 43 47 48 55 57 59 62 63 64 65 68 70 71 72 73 74 76 77 78 80 81 82 83 85 87 88 90 93 95 97 99
59 16 17 18 21 22 23 31 32 36 38 47 48 51 55 60 63 64 65 68 69 71 72 73 75 76 77 78 81 82 83 84 85 87 88 91 94 95 96 97 98 99
60 17 19 23 33 36 37 43 53 57 62 63 65 67 68 71 72 73 75 76 78 82 83 84 85 88 89 91 92 94 95 96 97
62 18 19 21 22 23 31 33 36 38 48 51 53 55 64 66 67 68 69 70 71 72 74 76 79 81 84 88 90 91 92 93 97 98
66 17 23 31 33 38 51 53 55 57 61 63 68 70 74 75 79 82 83 84 85 86 87 89 92 94 97 98 99
67 16 18 22 32 37 38 51 53 55 61 63 69 71 72 75 84 86 89 90 91 92 93 94 95 96 98 99
68 16 18 19 22 31 33 36 38 47 48 51 53 64 65 70 73 77 83 87 89 90 91 93 95 96 98 99
70 16 18 19 21 22 23 37 38 53 57 63 64 69 72 74 76 81 82 83 84 85 86 90 93 97 98 99
78 23 33 36 38 43 47 48 53 55 57 64 73 74 77 79 80 83 84 86 87 89 90 91 92 93 96 97
79 17 18 21 31 32 37 51 61 63 64 65 69 71 75 76 77 80 83 84 87 88 90 93 96 97 98 99
80 16 18 21 31 32 37 38 47 48 57 63 65 71 72 75 76 77 81 84 85 87 92 93 94 96 97 98 99
81 19 22 31 32 43 51 71 75 82 88 89 91 93 97 98 99
83 16 19 32 33 38 43 47 48 51 53 57 61 63 64 65 72 74 77 84 87 89 90 94 96 99
84 16 19 22 23 37 43 48 53 63 64 65 71 73 74 85 86 90 91 94
85 21 22 31 33 47 61 64 69 74 75 86 92 95 98 99
88 16 17 21 31 36 38 43 57 61 64 71 74 75 76 86 87 90 91 94 95 96
89 22 23 32 37 43 51 55 57 61 63 64 69 71 72 73 74 82 90 91 92 93 99
90 16 19 22 31 32 51 61 63 64 65 69 75 76 82 87 91 92 95 99
91 16 18 21 22 31 32 38 43 48 57 63 69 71 74 75 76 82 86 92 96 97 99
93 17 19 22 31 38 43 47 48 51 57 63 65 69 71 73 82 86 87 94 96 97 98 99
94 16 17 21 32 36 37 38 43 48 51 55 57 61 63 71 74 75 77 86 92 95 97 98
95 17 18 22 23 31 33 38 47 53 63 64 65 69 72 76 77 82 86 92 97
96 17 18 37 47 51 53 55 57 61 64 73 74 75 82 86 97 98
99 16 17 18 19 21 22 23 53 55 57 61 69 74 76 77 97 98
16 18 21 47 51 53 57 63 71 73 75 86 87 98
17 18 23 36 38 43 47 48 55 57 64 73 74 76 77 82 92 97 98
18 22 32 43 47 48 51 53 55 57 61 63 64 71 73 75 77 82 87 92 97 98
19 21 23 31 43 47 51 53 57 61 65 74 76 77 82 86 87 98
31 22 32 33 38 43 47 51 57 61 63 65 69 71 73 74 75 76 77 82 97
33 21 23 32 36 43 48 51 57 61 65 71 73 77 97
47 22 23 48 51 55 61 63 64 65 71 75 76 86 92 97 98
51 23 37 38 53 63 64 69 72 73 74 75 76 77 82 86 87 92 97
53 21 22 36 48 61 64 65 71 75 76 82 86 98
55 21 22 37 48 63 64 69 71 74 77 82 87 92 98
61 21 22 32 36 37 38 43 57 64 69 72 87 97 98
65 21 22 32 43 48 57 63 64 69 74 76 87 92 97
69 32 43 48 57 63 64 71 72 76 82 86 92 98
72 22 32 63 64 71 77 86 87 92
73 21 36 38 43 63 76 77 82 86 98
74 22 23 32 36 37 71 76 82
76 22 23 36 38 43 63 77 87 92 97 98
82 23 36 37 38 57 63 64 87 98
87 32 37 48 64 75 77 97
92 22 37 43 48 63 71 75 77 97 98
98 21 22 23 32 36 43 64 77
23 21 22 36 37 48 57 63 71 75 77 86 97
32 21 36 43 48 64 71
36 21 22 37 43 57 71 77 86
37 21 22 38 48 64 75 86
43 21 48 57 64 75
48 63 64 77 86 97
57 21 22 38 71 77 86 97
64 22 71 75 97
71 21
86 21 22 63
97 75 77
21 22 63 77
22 38 77
38 63
63 75 77
77
75
