#C:\Users\shawa\anaconda3\Lib\site-packages\ipykernel_launcher.py -f C:\Users\shawa\AppData\Roaming\jupyter\runtime\kernel-a576ff6d-63cc-4822-802d-d1f30a5ab7db.json
# GMT Wed Mar 27 15:38:19 2024
# 
0 1 2 3 4 5 6 7 8 9 10 11 12 13 14 15 17 18 20 21 22 23 28 29 30 32 37 40 44 45 46 50 51 52 53 56 60 61 64 66 67 68 71 75 76 77 78 79 81 82 83 84 85 86 88 89 91 92 93 96 98 104 105 108 116 119
1 2 3 4 5 6 7 8 9 10 11 12 13 14 15 17 18 19 21 24 26 31 32 34 36 39 40 42 45 48 49 53 56 57 60 61 63 64 66 68 69 70 71 72 73 74 78 79 86 87 91 92 94 98 100 101 102 104 106 107 108 109 110 112 115 117
2 3 4 5 6 7 8 9 10 11 12 13 14 15 18 19 20 21 25 26 27 28 29 31 32 33 34 35 36 40 45 46 47 50 51 52 54 55 57 58 59 62 64 67 68 69 71 73 75 76 77 88 90 91 94 95 96 97 100 102 103 104 107 108 109 111 113 114 115 118 120
3 4 5 6 7 8 9 10 11 12 13 14 15 19 20 23 24 28 29 31 32 33 36 38 39 40 41 42 52 53 57 59 61 62 65 66 68 70 74 76 77 79 80 81 82 84 85 86 87 88 89 93 96 98 99 100 101 102 103 106 107 109 112 114 120
4 5 6 7 8 9 10 11 12 13 14 15 17 18 19 20 24 26 27 29 31 32 34 36 37 38 41 42 43 44 45 47 55 56 57 59 63 64 68 69 70 71 75 77 78 79 81 83 84 86 87 88 89 90 94 95 100 101 104 105 106 107 110 111 112 114 115 117
5 6 7 8 9 10 11 12 13 14 15 16 17 19 21 25 26 27 29 30 31 32 33 35 36 38 40 43 44 47 48 51 52 54 56 57 58 59 60 62 63 66 68 69 72 78 81 82 84 86 87 90 91 92 98 103 104 105 107 110 111 112 113 115 117 118 119
6 7 8 9 10 11 12 13 14 15 17 19 22 26 27 31 32 34 37 38 40 41 43 45 49 50 53 55 56 58 60 63 64 65 66 69 71 72 77 79 80 82 83 84 85 87 88 89 90 91 92 93 98 100 102 103 104 105 106 107 108 113 115 117 118 120
7 8 9 10 11 12 13 14 15 16 19 22 23 24 25 26 27 30 31 32 40 41 42 44 48 49 50 51 54 56 57 59 64 65 66 67 68 73 74 75 76 78 79 80 82 85 87 89 90 91 95 97 98 99 102 103 105 106 107 108 111 115 117 118 119 120
8 9 10 11 12 13 14 15 16 21 25 28 29 30 31 32 33 34 36 39 47 50 51 52 53 59 62 63 65 66 67 68 69 77 78 79 80 82 83 86 88 89 93 97 99 102 104 107 111 112 116 117 119 120
9 10 11 12 13 14 15 16 18 21 23 24 26 30 32 36 38 39 40 45 46 47 48 49 52 53 55 56 59 62 63 64 66 67 69 75 77 78 79 81 82 83 86 88 89 90 91 93 94 96 99 101 103 104 107 109 110 111 113 114 116 119 120
10 11 12 13 14 15 16 18 19 20 21 22 24 26 27 28 29 30 31 32 33 34 35 39 43 45 48 49 51 57 62 63 64 65 66 68 70 72 75 76 78 79 85 87 90 94 95 96 103 104 105 107 108 109 110 111 112 114 115 116 118 120
11 12 13 14 15 16 17 19 20 23 25 28 29 31 32 33 35 38 39 40 41 42 45 46 48 50 53 54 56 59 60 61 62 63 65 66 69 70 72 74 75 78 81 84 87 88 89 92 95 97 100 101 103 107 108 109 110 111 112 114 116 117 120
12 13 14 15 18 19 20 21 23 26 27 28 31 32 34 38 39 41 42 45 46 47 50 51 52 56 57 58 63 64 69 74 76 77 79 81 82 83 84 87 88 89 90 91 92 93 94 99 100 106 108 111 114
13 14 15 17 18 19 20 21 23 25 26 27 28 31 37 38 39 41 43 44 45 48 49 53 54 55 57 63 64 65 66 67 68 70 72 74 76 77 78 79 81 82 83 84 88 89 91 92 100 102 103 106 107 109 110 111 113 114 115 116 117 118 120
14 15 17 19 20 23 24 28 29 30 34 35 36 37 38 39 44 45 46 47 48 53 54 56 57 58 60 61 62 63 64 66 70 71 74 75 78 79 84 87 88 90 95 96 97 98 100 104 105 108 109 110 116 119
15 17 19 23 25 26 27 30 32 34 37 40 41 42 43 44 47 51 55 56 57 59 60 63 67 68 71 73 74 77 78 79 81 83 85 86 91 93 97 98 99 100 101 103 106 110 111 112 113 116 119 120
17 16 19 20 23 26 28 34 35 44 45 51 52 55 57 61 62 63 64 68 69 70 72 73 76 77 78 79 80 81 83 84 86 87 89 92 96 97 100 101 102 104 106 107 108 110 114 116 118
18 16 19 20 21 23 24 26 30 34 35 36 38 39 40 41 42 46 47 50 51 52 56 57 58 61 63 64 68 69 70 74 75 80 81 82 83 85 86 88 93 94 95 96 102 103 104 106 108 109 111 113 114 116 117 118 120
20 19 21 23 24 27 33 35 36 38 40 42 43 44 45 46 48 49 51 52 53 55 61 62 63 65 67 70 71 72 76 79 86 87 92 93 95 96 97 102 105 109 110 117 118
21 16 19 22 23 24 25 27 30 36 38 39 42 43 47 49 50 51 52 55 58 59 60 61 62 63 64 66 70 72 73 82 83 84 93 94 95 96 98 100 101 105 106 108 110 111 113 114 115 116 119 120
22 19 24 26 27 28 33 34 37 38 40 41 43 44 46 48 53 54 55 57 59 60 61 64 68 69 70 71 72 73 76 77 78 79 82 85 87 88 89 90 91 92 93 95 96 100 102 105 110 111 112 113 115 116 119 120
23 24 26 27 29 30 31 32 34 37 38 39 42 43 48 49 53 58 59 64 66 67 68 69 71 72 73 74 77 79 80 81 82 88 89 91 95 96 97 98 99 102 104 106 107 109 113 114 115 116 117 118 119 120
28 24 26 29 31 32 34 35 36 38 39 42 43 45 50 51 53 56 57 62 63 64 65 66 69 70 71 73 75 76 78 79 81 85 88 90 93 95 96 97 99 100 101 104 105 106 107 108 112 114 115 116 118 119
29 16 24 26 27 31 34 35 36 40 41 43 44 47 48 49 51 56 58 60 62 65 66 67 70 71 73 74 75 78 84 85 88 90 91 92 93 94 95 96 97 100 103 104 110 114 116 117 119 120
30 16 19 24 25 26 27 36 37 38 39 40 41 45 46 47 48 49 50 51 54 56 58 59 61 65 67 71 72 73 75 76 79 83 84 85 86 87 88 90 91 92 93 96 97 98 99 105 108 117 119 120
32 16 24 34 35 36 38 39 42 43 44 45 46 53 54 55 57 62 65 68 69 70 73 74 75 77 79 81 82 83 87 89 90 91 96 97 98 99 100 101 106 107 108 109 113 117 118 120
37 19 24 27 33 35 39 43 44 45 47 48 54 55 56 57 59 60 61 63 65 68 69 70 72 74 75 76 77 80 81 85 88 90 91 93 94 95 98 99 102 103 104 114 116 118 119 120
40 16 24 25 26 31 34 36 41 42 43 45 47 48 49 51 52 55 56 57 58 59 63 64 65 69 70 74 77 83 85 89 90 91 92 94 96 97 101 102 103 104 105 108 109 111 112 116 117 120
44 19 25 27 31 36 42 43 48 49 50 54 55 61 64 65 66 67 71 74 76 77 78 79 80 81 82 83 85 86 87 90 94 97 98 99 102 103 104 106 108 109 111 114 115 117 118 120
45 26 27 31 34 38 39 42 46 50 51 53 55 56 57 58 59 60 61 63 65 66 68 69 70 72 73 75 76 77 80 82 83 85 87 89 91 92 95 97 101 106 107 108 110 111 113 115 116 120
46 16 26 31 34 36 41 43 47 52 55 61 63 65 66 67 68 71 76 79 81 82 84 85 89 91 92 93 99 101 102 104 108 112 114 117 118 120
50 19 25 27 34 38 47 51 52 53 54 56 58 60 63 65 68 72 74 80 82 83 84 85 86 88 89 94 95 97 99 103 104 108 109 110 112 113 115 116 117 118
51 16 26 31 33 34 35 36 38 39 41 43 47 49 53 54 57 59 64 65 66 68 70 71 73 75 76 80 82 86 87 88 89 93 97 99 100 101 102 105 107 109 111 112 114 116 117 119 120
52 27 33 34 35 39 41 42 43 47 53 54 56 57 62 65 67 68 69 72 73 74 75 76 77 78 79 80 82 87 90 91 93 96 98 99 103 104 105 107 109 111 112 113 115 117 119 120
53 19 24 26 33 34 36 42 43 48 58 59 62 63 65 68 69 73 77 78 79 83 84 86 87 88 89 91 92 95 98 99 102 103 104 105 106 109 110 111 112 113 115 117
56 24 25 26 27 31 36 42 43 49 58 60 61 63 64 65 67 68 69 70 71 73 74 76 79 80 81 82 85 87 91 92 93 96 97 100 101 102 103 104 110 111 112 115 116 118 119
60 19 24 25 27 31 33 35 36 38 39 47 54 55 58 64 65 67 70 72 75 76 77 79 80 84 87 88 93 94 95 96 99 105 108 111 112 113 114 115 116 117 120
61 16 19 24 25 26 27 33 34 36 41 47 48 55 62 64 65 66 68 70 72 74 76 77 78 81 82 83 84 85 87 88 92 94 95 96 97 99 101 104 105 106 108 109 112 114 119 120
64 16 24 27 31 38 39 42 48 54 57 58 62 63 65 66 71 76 78 81 83 86 89 90 91 93 97 99 100 101 102 103 104 105 109 110 114 116 118 120
66 16 24 26 35 38 39 41 42 43 47 49 54 59 62 63 65 67 69 70 71 73 74 75 78 79 81 82 86 89 91 92 93 95 96 97 98 101 102 104 105 109 110 114 117 118 119
67 24 25 26 31 38 39 42 49 54 55 58 59 62 63 65 68 69 70 72 73 74 75 76 77 79 82 85 86 88 95 98 99 101 102 103 104 105 106 108 109 110 113 114 115 116 117 119
68 16 19 27 33 34 38 41 42 43 48 49 62 72 73 74 82 85 87 89 91 94 96 97 100 101 103 105 107 109 111 114 115
71 19 26 31 33 39 41 42 47 49 55 65 69 70 72 73 74 76 78 80 81 82 84 86 87 89 90 91 93 94 97 98 99 100 101 102 104 105 106 109 110 111 114 115 116 117 120
75 19 25 31 33 34 35 36 38 39 41 42 43 47 49 57 62 65 69 70 72 73 76 77 79 82 83 84 89 92 93 97 98 101 102 106 107 108 110 111 113 114 115 116
76 16 19 24 33 34 36 38 41 42 49 55 57 63 65 69 70 72 77 78 85 89 90 94 95 99 100 102 103 105 106 111 113 115 116 118
77 16 24 26 34 35 38 41 49 57 59 63 69 70 72 73 74 79 80 82 83 86 87 88 89 92 93 94 96 97 101 103 107 109 110 117 118 119 120
78 16 19 24 25 27 31 34 38 39 41 48 55 57 59 62 63 69 70 72 73 74 79 80 83 88 92 100 101 103 105 106 107 110 112 113 114 115 116
79 24 26 31 39 42 43 49 57 58 59 62 65 69 70 80 82 83 84 85 86 91 94 95 96 98 101 103 107 108 109 110 111 113 115 118 119 120
81 16 19 24 25 33 34 36 39 41 42 49 55 62 72 74 80 82 83 85 87 88 89 90 92 93 96 97 98 102 103 104 105 107 108 111 113
82 16 19 25 26 27 31 33 38 41 42 43 48 49 54 55 65 72 80 83 84 86 91 92 94 95 96 99 100 102 103 105 107 112 113 114 115 116 118 120
83 16 19 24 26 31 34 35 36 43 47 49 54 57 59 62 70 72 73 74 85 88 89 90 91 94 97 99 100 101 102 103 105 106 108 109 111 112 113 115 116 117 119
84 24 33 38 41 43 48 54 57 58 63 65 69 73 80 86 87 88 90 93 94 95 97 98 99 100 103 104 107 109 110 112 116 118
85 19 24 27 34 35 36 38 39 41 43 47 49 54 57 59 62 63 73 74 80 86 87 88 91 93 96 97 99 103 105 108 110 111 116 117 118 120
86 25 26 31 36 38 39 41 43 47 54 58 62 63 65 69 72 80 89 91 93 94 97 98 99 103 104 105 107 108 109 111 112 113 117
88 19 24 25 26 27 33 35 36 42 49 55 57 58 59 63 70 72 73 92 96 98 102 103 104 105 106 111 113 115 117 118
89 16 24 25 33 34 36 38 42 47 49 55 59 65 72 73 80 93 96 97 101 103 104 106 107 108 109 111 114 117 119
91 16 24 25 27 33 34 36 43 47 48 54 55 58 62 70 72 74 90 92 93 94 95 96 99 100 101 102 104 105 107 108 109 111 113 117 118
92 16 24 26 27 33 38 47 54 55 65 69 70 73 87 90 93 95 96 100 103 104 106 107 108 109 111 112 116 118
93 24 25 26 31 33 34 36 41 42 47 55 58 59 62 63 65 69 72 80 99 101 105 106 110 111 115 116 117
96 24 26 31 33 34 35 39 41 42 43 47 54 57 69 74 87 94 95 97 102 104 106 108 113 114 116 119 120
98 16 24 25 33 35 36 38 43 49 54 55 57 58 63 65 69 70 73 74 87 90 95 101 105 106 107 108 109 110 113 115 118
104 16 24 25 26 27 31 33 35 36 38 42 43 48 54 57 58 62 70 72 73 80 94 97 99 100 102 105 106 107 110 111 113 114 117 118 119 120
105 25 26 34 38 39 41 42 43 49 54 70 73 74 87 94 97 99 100 103 107 108 109 111 114 117 118
108 19 24 26 31 33 34 36 41 42 43 48 54 58 59 62 63 69 90 97 100 101 102 110 112 117
116 19 24 27 31 33 34 38 39 43 48 57 59 62 63 65 72 73 74 80 87 90 94 97 100 101 106 107 110 112 113 114 115 118 119
119 19 24 25 34 35 42 48 49 57 59 62 65 69 73 80 90 94 97 99 100 107 111 112 114 115 117 118
19 27 31 33 35 36 41 43 47 54 55 57 62 63 72 73 74 80 87 94 95 97 100 101 102 103 109 112 117 118
24 27 33 35 39 42 48 49 54 62 63 69 70 72 73 74 90 94 97 106 107 109 110 111 112 113 118 120
26 25 31 34 35 38 43 48 54 55 57 59 62 63 72 73 74 80 95 97 100 102 106 107 109 110 111 112 113 115 117 120
31 16 25 27 33 36 38 39 42 47 48 54 55 57 63 65 72 74 87 90 94 97 100 101 103 106 112 114 117
34 16 25 27 33 35 36 38 39 41 43 47 49 55 58 59 63 69 73 94 97 100 101 106 111 112 113 114 115 118
36 16 25 35 42 43 48 49 58 59 62 70 72 73 74 80 87 94 97 102 106 109 111 114 120
39 16 33 35 42 43 55 57 59 65 69 72 80 90 97 102 103 107 109 110 111 114 117 118 120
42 16 25 33 38 48 54 57 58 59 69 70 72 74 87 94 100 101 102 106 113 115 117
48 16 25 27 38 47 49 55 57 59 62 63 65 69 74 87 90 95 100 101 106 107 110 113 118
49 25 27 35 43 47 55 57 58 63 70 73 74 95 97 99 100 102 103 107 109 112 114 117 118
57 47 62 65 70 72 73 74 95 101 102 111 113 114 115 117 118 120
63 27 35 41 58 65 72 73 74 80 95 97 100 102 103 106 107 109 110 111 114 115 117 118
69 33 38 55 58 62 70 72 80 97 100 106 109 111 112 113 114 117 120
70 16 27 33 38 41 58 62 65 73 74 95 97 99 100 102 106 107 109 110 111 112 114 117 118
72 16 25 27 33 38 47 58 59 65 87 90 97 101 103 110 117
73 33 35 55 58 59 65 80 87 90 94 95 97 100 102 103 107 111 113 117 118 120
74 16 33 35 38 41 47 54 59 65 87 90 94 95 97 100 102 103 107 109 111 112 113
87 16 25 38 41 54 58 59 62 90 94 97 101 102 103 107 109 111 113 115 118
94 27 33 35 41 43 47 55 59 65 97 101 102 103 107 111 113 120
100 16 33 35 43 47 55 65 80 97 99 101 103 106 111 112 113 115 118
101 27 35 38 41 43 47 59 62 65 90 95 97 99 103 106 112 115 118 120
102 16 25 33 38 47 58 59 62 65 80 97 99 103 113 114 118
106 25 27 38 54 58 59 65 80 90 95 99 103 107 109 110 112 117
107 16 33 38 41 55 58 80 95 97 103 112 113 114 115 117 118 120
109 16 27 33 38 41 47 58 59 90 103 112 113 118
110 27 47 58 59 80 90 97 99 103 111 112 117
112 16 35 38 43 58 59 62 65 95 99 111 113 115 117 118 120
115 25 27 33 41 47 54 55 62 65 95 97 99 111 113 114 118 120
117 25 27 33 41 54 59 80 95 99 113 118 120
25 33 38 41 43 47 58 59 62 65 80 95 113 120
27 35 38 54 55 58 59 65 80 95 97 99 103 113 118
33 16 35 38 41 43 47 58 62 65 80 120
35 38 43 47 54 58 59 80 90 95 111 114 120
47 16 54 58 59 65 80 90 111 113 118
54 16 38 41 43 58 59 80 99 111 113 114 118
55 41 43 62 65 80 90 103 111 113
58 38 43 59 80 90 95 97 113 114 120
59 38 41 43 80 95 111 114 118 120
62 16 41 65 90 95 97 99 113 114 120
90 38 43 65 97 99 111
95 16 38 43 65 80 103 111 113 118 120
97 16 38 80 103 111 118 120
103 16 38 41 80 118 120
111 16 65 80 113 118 120
113 41 43 80 99 114
114 16 80 99 118
118 16 65 80 99 120
120 16 41 43 65 99
38 16
41 16 80 99
65 16 80 99
80 16
99
43
16
