#C:\Users\shawa\anaconda3\Lib\site-packages\ipykernel_launcher.py -f C:\Users\shawa\AppData\Roaming\jupyter\runtime\kernel-a576ff6d-63cc-4822-802d-d1f30a5ab7db.json
# GMT Wed Mar 27 14:37:22 2024
# 
0 1 2 3 4 5 6 7 9 10 11 13 15 17 21 24
1 2 3 4 5 6 8 9 10 15 17 18 19 20
2 3 4 5 6 7 8 10 11 12 13 22
3 4 5 6 7 9 11 13 16 18 20 21
4 5 6 10 12 16 17 20 24
5 6 7 9 12 14 15 16 17 19 23
6 7 9 10 12 13 14 16 17 18 19 23 24
7 8 9 10 14 17 19 21 22
9 10 15 16 21 22
10 8 15 17 18 21
11 13 14 16 17 18 20 21
13 8 16 17 22 23 24
15 8 14 18 19 24
17 8 19 20 21 22 23
21 12 19 20 23
24 8 12 14 16 18 19 20 23
8 20 22
18 12 16 19
19 14
20 12 22 23
12 16
22
16 23
14 23
23
