#C:\Users\shawa\anaconda3\Lib\site-packages\ipykernel_launcher.py -f C:\Users\shawa\AppData\Roaming\jupyter\runtime\kernel-a576ff6d-63cc-4822-802d-d1f30a5ab7db.json
# GMT Wed Mar 27 15:17:29 2024
# 
0 1 2 3 4 5 6 7 8 14 19 23 25 29 33 34 35
1 2 3 4 5 6 7 8 9 10 12 13 19 20 22 25 28 29 30 32 35
2 3 4 5 6 7 8 9 11 15 16 17 22 24 25 30 32 33
3 4 5 6 7 8 10 14 15 19 20 24 27 32 34 35
4 5 6 7 8 11 12 13 15 17 18 20 22 27 29 31 32 35
5 6 7 8 9 11 13 14 17 19 21 22 23 24 25 27 30 33
6 7 8 9 10 11 13 15 17 19 23 24 28 30 32 33 34 35
7 8 9 10 11 14 15 17 18 19 21 23 24 25 27 30 32 33
8 9 11 12 13 14 17 19 20 25 26 27 31 32 33
14 9 11 12 13 16 17 18 19 20 21 23 25 26 27 29 30 31 33 34
19 9 10 12 13 20 26 27 28 30 31 32 34 35
23 9 10 13 15 16 20 24 26 29 32 33 34 35
25 9 11 12 13 16 17 18 21 24 27 29 30 32 34 35
29 11 18 20 21 24 27 28 30 33 34
33 9 10 17 21 26 28 31 32 34 35
34 9 10 13 17 18 22 24 30
35 10 13 16 17 20 27 28 30
9 11 12 16 17 18 20 21 26 30 31 32
10 11 12 15 16 18 20 22 24 26 30 32
12 11 13 16 17 21 30 32
13 11 15 16 20 21 22 28 30 32
20 15 16 17 24 26 28 30 32
22 11 15 17 18 21 26 27
28 11 15 18 24 26 30
30 11 24 26
32 15 18 21 27
11 15 16 18 21 24 31
15 21 26 27 31
16 17 24 26
17 21
24 18 21 27
27 18 26 31
18 26
31
21
26
