#C:\Users\shawa\anaconda3\Lib\site-packages\ipykernel_launcher.py -f C:\Users\shawa\AppData\Roaming\jupyter\runtime\kernel-a576ff6d-63cc-4822-802d-d1f30a5ab7db.json
# GMT Wed Mar 27 15:20:07 2024
# 
0 1 2 3 4 5 6 7 8 9 11 14 16 17 18 19 20 25 26 32 34 36 39 40 42 43 45 46 48
1 2 3 4 5 6 7 8 9 11 15 17 18 21 22 23 25 28 29 31 33 36 37 38 39 40 42 43 44 47
2 3 4 5 6 7 8 9 10 13 15 16 18 20 23 25 27 28 32 35 36 38 41 43 44 46 47 48
3 4 5 6 7 8 9 10 17 19 20 22 23 25 28 29 32 35 37 38 39 42 43 47 48
4 5 6 7 8 9 11 12 16 17 18 23 25 31 32 33 34 36 37 39 41 43 45 46 47 48
5 6 7 8 9 10 11 13 15 16 17 18 20 21 22 23 25 26 27 29 30 31 34 36 37 39 42 44 45
6 7 8 9 13 15 17 18 19 21 22 23 24 25 27 29 31 33 37 38 40 42 43 44 45
7 8 9 16 19 22 26 30 31 32 47 48
8 9 10 11 12 14 15 16 19 20 27 29 33 34 35 36 37 42 43 44 45 46 47
9 10 13 15 17 18 19 20 22 23 24 26 28 29 31 32 33 37 41 42 46 47
11 12 15 17 20 21 22 25 28 31 32 35 37 38 39 40 42 43 48
14 15 17 18 22 24 25 27 29 31 32 33 34 38 39 40 41 42 44 45 46
16 13 15 19 21 22 23 26 27 29 31 33 36 40 42 45 46
17 10 12 15 20 22 23 26 29 30 31 33 34 35 36 37 40 45
18 10 12 20 23 24 26 30 37 39 41 42 46 47
19 15 22 23 25 29 30 31 32 33 34 35 36 38 39 40 42 43 47
20 10 12 13 15 25 31 32 33 34 35 37 39 40 41 45 46 47
25 10 12 24 26 27 30 34 35 37 39 42 44 45 47 48
26 10 12 13 15 23 24 27 29 31 33 34 35 36 37 38 39 40 41 42 44 45 48
32 22 23 29 31 33 35 38 40 41 44 46 47
34 10 12 13 15 24 29 30 31 33 35 36 40 44 45 47 48
36 13 15 21 22 28 30 33 41 42 43 44 47
39 10 21 31 33 35 37 40 43 44
40 10 15 22 28 29 30 37 38 42 44 48
42 10 12 15 21 22 23 24 30 31 33 35 38 47
43 10 12 15 22 23 24 27 29 33 38 41 46 48
45 10 12 13 23 24 28 31 33 35 44 46 47
46 12 15 22 27 30 33 41 44 47 48
48 12 13 21 23 35
15 13 21 24 29 33 38
21 10 12 28 30 33 35 37 41 44 47
22 10 13 24 27 29 31 33 35 44 47
23 12 13 24 29 33 47
28 10 27 31 35 37 47
29 10 13 27 30 31 35 47
31 10 13 44
33 13 27 30 37 41 44
37 13 24 44 47
38 10 12 13 24 27 30 35 41
44 10 12 30 35 47
47 10 24 30 41
10 12 24 27 30 35
13 24 27 30 35
27 41
35 30
41 12
12 30
30
24
