#C:\Users\shawa\anaconda3\Lib\site-packages\ipykernel_launcher.py -f C:\Users\shawa\AppData\Roaming\jupyter\runtime\kernel-a576ff6d-63cc-4822-802d-d1f30a5ab7db.json
# GMT Wed Mar 27 18:24:00 2024
# 
0 1 2 3 4 5 6 7 8 9 10 13 14 18 21 22 23 24 25 26 29 30 33 38 39 42 45 46 47 49 50 52 58 59 60 62 63
1 2 3 4 5 6 7 8 9 10 11 12 15 16 17 19 21 24 26 29 30 33 35 37 43 44 45 46 47 50 52 56 57 58 62 63
2 3 4 5 6 7 8 9 10 12 13 15 17 19 21 22 23 24 25 26 29 32 36 39 40 42 44 45 47 50 51 57 59 61 63
3 4 5 6 7 8 9 10 11 12 13 14 15 16 17 23 25 26 28 32 33 34 35 40 41 44 45 47 49 51 52 53 57 59 60 61 63
4 5 6 7 8 9 10 11 15 19 21 22 23 26 29 30 31 36 37 38 43 47 52 53 54 58 59 60 61 63
5 6 7 8 9 10 12 13 14 15 16 17 19 22 23 27 28 29 30 32 33 34 35 39 41 44 46 52 53 54 55 58 59 60 62 63
6 7 8 9 10 12 13 17 21 24 26 29 33 37 38 41 45 46 53 55 56
7 8 9 10 12 14 17 19 20 22 25 29 30 31 33 34 35 39 41 43 44 46 50 52 53 54 55 57 58 59 60 61 62
8 9 10 11 12 13 16 17 18 19 21 22 26 27 28 29 32 42 45 46 49 51 54 55 57 63
9 10 12 13 15 18 19 20 24 25 29 30 32 33 38 39 40 46 47 49 53 54 55 58 59 61
10 12 13 14 15 17 18 19 21 25 27 28 30 31 32 33 34 36 37 39 45 49 52 54 55 56 58 61 63
13 11 19 23 25 26 28 33 34 36 37 38 40 41 42 43 45 47 49 50 51 54 56 57 58 60 61
14 12 15 16 17 18 22 24 26 27 29 31 32 34 40 41 46 47 52 53 54 55 57 58 59 60
18 12 15 19 21 24 25 26 27 28 29 31 32 34 36 38 41 43 44 46 47 48 50 51 53 56 59 63
21 15 17 25 26 27 30 32 33 35 36 38 39 41 42 44 55 56 58 60 61 62 63
22 11 15 17 19 20 23 25 29 30 31 33 34 36 40 42 43 44 45 48 49 50 51 54 58 62
23 11 15 16 27 28 31 32 34 37 43 47 49 51 52 55 59 60 61 62
24 12 15 16 19 34 35 36 37 39 40 43 47 48 50 51 54 55 57 60 61
25 17 19 20 26 27 29 30 33 35 38 41 42 43 44 45 46 48 51 52 53 54 55 56 58 61 62 63
26 12 27 29 32 33 35 36 37 39 43 46 47 50 51 52 54 55 56 58 60 61
29 11 15 28 31 34 35 36 38 41 42 43 44 46 48 49 51 53 58 59 60 61
30 15 19 33 35 36 42 44 45 47 49 50 54 56 57 58 63
33 11 15 16 17 19 31 32 34 35 38 39 42 46 51 53 55 59 61 63
38 11 15 16 19 20 28 31 34 36 39 41 43 44 45 46 47 50 51 55 56 58 61 62 63
39 11 12 15 19 20 34 37 41 42 43 46 47 48 49 52 53 54 55 57 58 59 60 62
42 12 15 17 27 28 31 36 46 49 50 52 53 57 58 60 61 62
45 11 12 16 17 20 28 31 32 37 40 41 43 44 47 48 50 51 52 53 56 58 59 63
46 12 16 17 20 28 31 32 37 41 47 48 49 50 51 54 56 57 58 59 63
47 11 12 15 16 17 31 34 35 37 40 41 44 52 53 54 58 59 60
49 15 17 20 31 32 34 36 43 44 48 50 53 54 56 58 62
50 16 19 20 28 31 35 36 37 40 41 48 52 53 54 55 56 62
52 12 20 28 32 35 36 56 58 60 61
58 11 16 17 20 28 31 32 35 37 41 44 51 53 54 55 56 57 61 62 63
59 12 15 17 19 28 32 35 48 53 54 57 60 62 63
60 15 16 17 32 34 36 37 40 41 43 44 51 53 55 61 62
62 12 15 16 17 19 20 28 32 34 40 41 44 48 57
63 11 12 15 17 31 32 34 35 36 37 41 43 44 51 53
11 16 19 27 35 40 41 44 51 53 56 61
12 15 17 20 28 31 34 36 40 48 55 56 57
15 20 27 32 34 37 40 43 44 51 53 55 61
16 20 27 28 31 32 34 37 40 41 51 55 56
17 27 31 34 40 41 43 44 51 53 54 55 56 61
19 20 27 28 31 32 34 36 40 41 43 51 53 54 55 56
35 20 28 32 41 44 48 53 61
37 32 40 55 56 57 61
43 31 36 41 48 51 53 55
44 20 28 31 32 36 41 48 51 53 56 61
56 20 27 28 31 36 40 41 51
57 27 31 34 40 51 61
32 27 36 41 51 53 55 61
36 20 27 34 40 51 55 61
40 20 27 31 34 41 51 53 55
51 31 41 48 53 54 61
61 27 28 31 34 48
28 20 27 31 34
34 27 53 54
41 31 55
53 31 55
31 27 54
54 20 48 55
27 20 55
55 20
20
48
