#C:\Users\shawa\anaconda3\Lib\site-packages\ipykernel_launcher.py -f C:\Users\shawa\AppData\Roaming\jupyter\runtime\kernel-a576ff6d-63cc-4822-802d-d1f30a5ab7db.json
# GMT Wed Mar 27 15:33:12 2024
# 
0 1 2 3 4 5 6 7 8 9 10 11 12 13 14 16 17 21 22 23 26 29 31 34 35 37 38 39 40 41 43 44 45 48 49 55 56 57 59 60 61 63 65 66 71 73 74 76 77
1 2 3 4 5 6 7 8 9 10 11 12 13 16 17 18 19 23 27 28 30 32 33 35 38 39 41 42 44 45 49 50 51 52 53 56 58 60 62 63 66 67 68 72 74 76
2 3 4 5 6 7 8 9 10 11 12 13 14 15 16 17 18 20 21 25 27 28 29 31 38 40 41 42 44 49 52 53 54 55 57 58 60 61 62 63 65 68 69 70 71 72 77 79
3 4 5 6 7 8 9 10 11 12 13 14 16 19 20 24 25 26 28 30 31 33 35 39 40 42 43 45 46 49 51 53 55 56 62 64 68 69 70 71 73 74 75 79 80
4 5 6 7 8 9 10 11 12 13 15 16 17 18 20 22 23 26 31 32 34 35 37 39 41 43 45 46 47 50 56 58 59 60 61 65 67 69 70 72 73 74 76 78 79
5 6 7 8 9 10 11 12 13 14 16 20 22 23 26 27 31 32 33 37 38 39 41 42 43 44 48 49 51 52 54 55 57 58 62 66 69 71 72 78 80
6 7 8 9 10 11 12 13 14 15 16 18 19 20 21 22 23 25 27 28 30 31 32 33 35 36 37 41 42 43 44 45 47 48 52 53 55 56 58 61 62 63 65 66 67 68 70 72 74 75 76 77 78 80
7 8 9 10 11 12 13 14 15 19 20 21 22 26 27 31 33 34 35 36 37 39 40 41 44 46 48 51 52 53 54 55 58 60 61 64 65 66 67 69 70 72 75 77 79
8 9 10 11 12 13 15 16 21 22 23 25 26 27 28 31 32 33 34 36 40 43 44 45 46 48 50 51 52 53 54 58 59 65 71 74 77 78
9 10 11 12 13 17 21 22 23 24 25 29 30 34 36 38 40 41 42 47 49 50 52 53 55 61 63 65 71 73 75 76
10 11 12 13 15 16 20 21 22 23 25 31 32 41 43 44 45 47 51 52 54 59 62 63 65 66 72 74 75 76 78
11 12 13 18 19 20 21 25 26 27 29 30 32 33 35 42 44 45 46 48 54 57 59 60 63 64 65 66 67 70 72 73 76 77 79
12 13 14 15 22 27 29 30 31 32 33 35 36 37 38 40 41 43 45 46 47 49 50 52 53 54 57 58 59 60 61 62 65 67 69 70 71 72 74 76
13 15 16 17 19 20 21 23 25 27 28 29 31 32 39 40 41 45 46 53 55 56 59 60 61 63 64 66 69 70 73 74 75 76 78 79
14 15 17 19 20 22 23 24 25 29 30 32 34 36 37 38 40 42 44 45 46 47 48 49 52 54 56 57 59 63 67 68 69 70 72 78 80
16 17 18 19 24 25 26 30 34 37 42 43 46 49 50 52 54 57 62 65 68 69 71 75 76 78 80
17 21 22 23 24 26 27 30 31 32 33 35 36 37 40 41 43 44 47 48 51 55 56 57 59 63 64 65 68 69 70 71 72 74 79 80
21 15 18 23 25 27 30 31 32 33 38 39 40 41 42 44 45 48 49 50 51 52 53 54 55 56 60 63 65 67 76 78
22 15 18 20 24 26 28 30 31 33 35 36 39 40 44 45 46 48 50 51 52 57 60 63 67 68 71 75 77 79
23 15 19 20 25 28 29 31 33 34 36 38 39 40 41 43 44 45 46 48 50 51 54 58 60 62 64 65 66 68 70 73 74 76 79
26 18 20 24 25 27 30 33 36 37 39 44 45 46 51 52 57 59 60 62 64 66 67 71 72 73 74 75 78 79
29 18 20 25 27 32 34 35 36 37 39 40 41 44 45 46 47 50 52 53 55 57 61 63 67 72 75 78 79 80
31 15 19 24 25 28 32 33 36 37 39 40 42 43 44 46 50 53 58 60 61 62 65 66 68 71 77 78
34 15 18 19 25 28 30 33 38 39 40 41 42 43 49 53 55 56 57 58 59 62 64 67 68 71 73 76 77 79
35 19 20 27 28 30 33 37 38 44 45 47 48 50 51 53 59 60 61 63 65 69 70 73 74 77
37 15 19 20 24 25 27 28 32 33 38 39 42 44 50 51 52 53 54 55 58 59 60 61 64 65 66 67 68 70 71 72 75 79 80
38 27 30 32 42 44 45 46 47 48 49 50 51 53 56 57 58 60 63 64 71 72 75 78 80
39 19 20 24 27 28 32 33 41 42 43 45 46 47 48 50 51 55 56 57 58 59 63 64 67 68 71 73 75 77 78 79
40 19 24 27 30 32 36 42 46 50 51 52 53 54 55 57 58 61 62 63 67 68 69 71 72 73 78 80
41 24 25 28 32 33 36 44 51 52 53 54 55 56 59 60 62 64 70 76 77
43 15 18 19 24 27 32 33 36 42 46 48 49 50 51 52 55 56 58 59 61 63 64 65 68 71 74 76
44 18 33 42 46 50 51 53 54 55 56 60 61 65 66 67 68 70 75 76 77 78
45 18 19 24 27 28 33 49 50 57 60 61 62 65 68 69 70 73 76 77
48 15 20 25 30 33 47 51 60 61 62 63 64 66 68 72 73 77 78 79
49 15 18 24 27 28 30 32 33 42 46 52 55 56 57 58 61 66 67 70 71 72 73 75 77 78 79 80
55 15 18 19 24 25 27 30 32 46 47 51 52 53 54 62 65 66 68 69 73 74 75 76 77
56 15 24 25 30 32 36 42 50 51 54 58 61 62 64 65 66 67 69 71 74 75 76 77 79 80
57 19 24 25 27 30 36 47 50 54 60 61 64 66 67 70 72 73 76 77 78 79
59 18 20 24 27 32 42 46 50 51 52 53 54 58 60 62 63 64 66 68 70 73 76 78
60 15 19 20 27 33 36 42 51 58 61 68 69 70 72 74 76 77 79 80
61 15 18 19 24 30 32 36 42 47 53 62 64 70 71 72 74 75 76 78
63 18 20 27 30 42 46 47 50 52 53 54 58 65 66 67 70 73 76 79 80
65 18 19 20 28 30 42 47 50 53 54 64 68 69 73 76 77 78
66 18 19 20 24 25 27 28 33 42 46 47 53 54 58 64 67 68 69 70 73 75 76 78 79
71 15 18 24 25 28 30 32 46 50 52 53 58 62 67 72 73 75 76 79
73 18 19 24 25 27 28 32 33 36 42 46 51 52 53 62 64 67 68 72 74 77 78 79 80
74 15 19 20 24 30 50 53 62 64 67 68 69 75 77
76 18 20 24 25 27 32 33 36 47 52 67 70 75 77 78 79
77 15 24 27 30 36 42 47 50 51 54 58 62 64 68 70 72 80
18 19 20 30 32 46 50 52 67 68 75 78 79
19 15 25 28 33 46 47 53 54 58 62 64 68 72 75
27 25 30 33 36 42 46 50 52 53 54 64 67
28 15 24 30 32 36 42 47 51 62 64 69 72 78 79
30 15 20 24 32 33 50 51 54 58 62 67 70 72
32 25 46 50 53 54 58 62 64 67 68 70 79 80
33 15 20 36 42 50 51 53 58 64 68 69 70 72 78 80
42 36 47 50 51 52 53 54 62 64 67 68 72 75 78 79
50 15 24 47 51 54 69 70 75 78 79
51 15 25 58 62 68 69 72 75 78 80
52 15 36 54 58 62 64 70 75 80
53 24 54 67 70 72 79 80
58 15 20 36 46 62 64 68 70 72 78
62 20 24 36 46 54 69 75 78 80
67 20 24 69 75
68 20 24 46 47 64 69 72 75 79 80
72 24 46 47 70 75 78 80
15 20 24 36 46 47 54 64 75 78
20 25 46 47 70 79
25 46 47 54 69 70 75
54 24 46 69 78
69 24 36 46 47 64 70 75 78 79
70 36 47 64 80
79 24 36 46 47 75 78
24 36 47 80
46 47 64 75 80
64 36 47 78 80
75 78
80 36 47 78
47 36
78 36
36
